1525
1	75	73	77	79	0.10614
2	73	71	77	79	0.009632100000000001
3	71	69	77	79	0.0026638699999999996
4	69	67	77	79	0.001290025
5	73	71	75	77	0.107094
6	71	69	75	77	0.00948626
7	69	67	75	77	0.002817845
8	67	65	75	77	0.001283105
9	80	78	75	77	0.000445436
10	71	67	75	79	0.0166899
11	67	80	75	79	0.003411115
12	71	69	73	75	0.0761463
13	69	67	73	75	0.008015765
14	67	65	73	75	0.00266193
15	65	80	73	75	0.00125753
16	69	65	73	77	0.014884650000000001
17	65	78	73	77	0.003215305
18	78	74	73	77	0.00120122
19	74	70	73	77	0.00043325950000000003
20	93	89	73	77	0.000223381
21	67	78	73	79	0.008420674999999999
22	78	72	73	79	0.00169564
23	72	66	73	79	0.0009685365
24	66	91	73	79	0.000447545
25	91	85	73	79	0.0001452205
26	85	96	73	79	0.000299081
27	96	90	73	79	0.000127691
28	69	67	71	73	0.07941255
29	67	65	71	73	0.008768535000000001
30	65	80	71	73	0.003146765
31	80	78	71	73	0.0013693400000000001
32	67	80	71	75	0.015354699999999999
33	80	76	71	75	0.0031170499999999997
34	76	72	71	75	0.0014979799999999999
35	91	87	71	75	0.000260571
36	65	76	71	77	0.009425315
37	70	95	71	77	0.000738293
38	95	89	71	77	0.000377513
39	80	72	71	79	0.00638671
40	72	95	71	79	0.001535895
41	87	96	71	79	0.00043327100000000005
42	67	65	69	71	0.0606862
43	65	80	69	71	0.008976475
44	80	78	69	71	0.0028202
45	65	78	69	73	0.015995250000000003
46	78	74	69	73	0.003390255
47	74	70	69	73	0.00142412
48	70	66	69	73	0.0005924535000000001
49	89	85	69	73	0.000274475
50	80	74	69	75	0.008609805
51	74	68	69	75	0.00220085
52	68	93	69	75	0.00068004
53	78	70	69	77	0.00621026
54	70	93	69	77	0.0014408300000000001
55	93	85	69	77	0.0006895465
56	76	66	69	79	0.004573674999999999
57	66	87	69	79	0.001178355
58	94	84	69	79	0.0006747494999999999
59	118	128	69	79	0.0001941725
60	65	80	67	69	0.0822224
61	80	78	67	69	0.008406815
62	78	76	67	69	0.00310733
63	76	74	67	69	0.00121115
64	72	70	67	69	0.0007996715
65	80	76	67	71	0.01599425
66	76	72	67	71	0.0035828350000000004
67	72	68	67	71	0.0014031500000000001
68	78	72	67	73	0.009374345
69	72	66	67	73	0.0021374899999999997
70	76	68	67	75	0.0058695250000000004
71	229	114	67	75	0.000352844
72	74	95	67	77	0.004527635
73	85	92	67	77	0.0003868105
74	92	82	67	77	0.0010465925
75	120	113	67	77	0.000338115
76	72	91	67	79	0.00358362
77	91	96	67	79	0.00121678
78	84	231	67	79	6.828085000000001e-05
79	80	78	65	67	0.07026355000000001
80	78	76	65	67	0.008192405
81	76	74	65	67	0.002460375
82	74	72	65	67	0.001452305
83	78	74	65	69	0.01550445
84	74	70	65	69	0.0031642099999999998
85	70	66	65	69	0.0010753
86	66	93	65	69	0.000760724
87	85	81	65	69	7.63424e-05
88	76	70	65	71	0.008011560000000001
89	70	95	65	71	0.002019755
90	95	89	65	71	0.0007324804999999999
91	74	66	65	73	0.006135440000000001
92	66	89	65	73	0.00130865
93	89	81	65	73	0.00044909150000000005
94	81	90	65	73	0.000318481
95	82	232	65	73	7.7068e-05
96	72	93	65	75	0.004440605
97	93	83	65	75	0.0008770925000000001
98	83	90	65	75	0.000686719
99	90	227	65	75	0.00034106800000000004
100	122	115	65	75	0.00017407099999999998
101	70	89	65	77	0.00383355
102	68	85	65	79	0.0032781800000000003
103	122	119	65	79	0.0001729255
104	78	76	80	65	0.10091995
105	76	74	80	65	0.008568415
106	74	72	80	65	0.002769235
107	72	70	80	65	0.0013804949999999998
108	70	68	80	65	0.0007328235
109	68	66	80	65	0.00038753400000000003
110	66	95	80	65	0.0002530255
111	76	72	80	67	0.01487765
112	72	68	80	67	0.003159915
113	95	91	80	67	0.0007902515
114	74	68	80	69	0.00886708
115	68	93	80	69	0.002067065
116	87	81	80	69	0.0002804405
117	81	92	80	69	0.0004563475
118	72	95	80	71	0.006214395
119	95	87	80	71	0.00141048
120	70	91	80	73	0.00462547
121	91	81	80	73	0.001086045
122	68	87	80	75	0.003949895
123	227	114	80	75	0.000293794
124	121	102	80	75	0.00017244
125	66	83	80	77	0.00331226
126	86	231	80	77	0.0004037245
127	124	121	80	77	0.000226421
128	121	104	80	77	0.0002471775
129	95	96	80	79	0.002962395
130	76	74	78	80	0.08152655
131	74	72	78	80	0.007952845
132	72	70	78	80	0.00290882
133	70	68	78	80	0.00123361
134	66	95	78	80	0.000428764
135	95	93	78	80	0.00035985199999999997
136	74	70	78	65	0.01498045
137	70	66	78	65	0.00314632
138	66	93	78	65	0.00117852
139	93	89	78	65	0.0006292590000000001
140	89	85	78	65	0.000431889
141	72	66	78	67	0.00875731
142	66	91	78	67	0.00202307
143	70	93	78	69	0.0063087049999999995
144	93	85	78	69	0.001439675
145	228	230	78	69	3.48658e-05
146	68	89	78	71	0.004862105
147	89	96	78	71	0.000999744
148	66	85	78	73	0.00394804
149	85	90	78	73	0.0008938955
150	90	228	78	73	0.000554087
151	95	81	78	75	0.003066305
152	94	228	78	77	0.0018137000000000001
153	91	90	78	79	0.00267659
154	90	231	78	79	0.000962919
155	74	72	76	78	0.07735805000000001
156	72	70	76	78	0.01024151
157	70	68	76	78	0.0034994049999999997
158	68	66	76	78	0.0008137015
159	72	68	76	80	0.01650915
160	68	95	76	80	0.00444682
161	95	91	76	80	0.00151742
162	70	95	76	65	0.009804110000000001
163	95	89	76	65	0.002369225
164	68	91	76	67	0.00720478
165	229	114	76	67	0.000855625
166	82	114	76	73	0.0008601934999999999
167	229	122	76	75	0.000976836
168	100	101	76	77	0.000642433
169	84	118	76	79	0.000878672
170	118	121	76	79	0.00055334
171	72	70	74	76	0.0520936
172	70	68	74	76	0.006790965
173	68	66	74	76	0.002778335
174	93	91	74	76	0.00031814349999999996
175	70	66	74	78	0.01403885
176	66	93	74	78	0.00354549
177	93	89	74	78	0.00125767
178	89	85	74	78	0.000551223
179	85	81	74	78	0.0002939275
180	68	93	74	80	0.008752675000000001
181	93	87	74	80	0.0020679699999999997
182	87	81	74	80	0.0008882639999999999
183	66	89	74	65	0.0065976
184	89	81	74	65	0.001563145
185	81	90	74	65	0.000633944
186	95	85	74	67	0.00553382
187	85	92	74	67	0.00134284
188	93	81	74	69	0.00382345
189	81	86	74	69	0.0009350015
190	232	120	74	69	0.00027924549999999997
191	91	94	74	71	0.003399875
192	227	116	74	71	0.00044383399999999994
193	127	110	74	71	0.00012874799999999998
194	89	90	74	73	0.0028955450000000002
195	232	124	74	73	0.00045872199999999995
196	86	114	74	75	0.0011367600000000001
197	102	103	74	75	0.0001265865
198	85	82	74	77	0.00292448
199	120	123	74	77	0.0004840065
200	123	112	74	77	0.0002018575
201	83	228	74	79	0.002321305
202	126	100	74	79	0.0003673995
203	70	68	72	74	0.04249895
204	68	66	72	74	0.007223235
205	66	95	72	74	0.0025442549999999996
206	95	93	72	74	0.00127561
207	68	95	72	76	0.01352805
208	95	91	72	76	0.0031723949999999997
209	66	91	72	78	0.00874418
210	91	85	72	78	0.002047305
211	85	96	72	78	0.0010166235
212	95	87	72	80	0.0061825100000000004
213	87	96	72	80	0.001581955
214	88	227	72	80	0.000179778
215	93	83	72	65	0.00509497
216	83	90	72	65	0.00117924
217	91	96	72	67	0.003909995
218	89	92	72	69	0.00317482
219	92	228	72	69	0.001064165
220	118	115	72	69	0.00019351950000000002
221	88	231	72	71	0.001103205
222	84	116	72	73	0.001102925
223	83	227	72	75	0.0023393249999999997
224	122	125	72	75	0.0004903234999999999
225	96	231	72	79	0.0021851400000000003
226	68	66	70	72	0.048423549999999996
227	66	95	70	72	0.007618805
228	95	93	70	72	0.00281789
229	93	91	70	72	0.0013005299999999998
230	66	93	70	74	0.0145705
231	93	89	70	74	0.003156275
232	89	85	70	74	0.001116415
233	95	89	70	76	0.00952824
234	89	83	70	76	0.0018022799999999999
235	82	229	70	76	0.00047480600000000003
236	93	85	70	78	0.0062853449999999995
237	91	81	70	80	0.004870085
238	81	88	70	80	0.0010822499999999999
239	88	228	70	80	0.0005926025
240	228	114	70	80	0.0002659605
241	89	94	70	65	0.00420506
242	94	82	70	65	0.001095345
243	124	119	70	65	0.000327268
244	87	90	70	67	0.0038820449999999998
245	85	86	70	69	0.0031775249999999996
246	83	82	70	71	0.00293662
247	82	118	70	71	0.0008411104999999999
248	119	106	70	71	0.00023832
249	81	228	70	73	0.00262642
250	127	99	70	73	0.0002103885
251	94	230	70	77	0.002020485
252	230	119	70	77	0.000710737
253	92	116	70	79	0.00212943
254	116	125	70	79	0.0006199945
255	66	95	68	70	0.048139600000000005
256	95	93	68	70	0.007357395
257	93	91	68	70	0.00230765
258	91	89	68	70	0.0012146700000000002
259	87	85	68	70	0.0003440145
260	85	83	68	70	0.000214966
261	95	91	68	72	0.013987349999999999
262	91	87	68	72	0.002871225
263	87	83	68	72	0.001012372
264	88	84	68	72	0.000138228
265	93	87	68	74	0.00819919
266	87	81	68	74	0.001837995
267	81	92	68	74	0.0006332765000000001
268	92	86	68	74	0.0005751834999999999
269	91	83	68	76	0.00656432
270	89	96	68	78	0.004826695000000001
271	96	86	68	78	0.0009410325
272	86	229	68	78	0.0003970065
273	116	126	68	78	0.00043164150000000003
274	87	92	68	80	0.004074155
275	92	227	68	80	0.000938715
276	227	114	68	80	0.000569543
277	114	126	68	80	0.0003521085
278	85	88	68	65	0.003701075
279	88	232	68	65	0.0010349135
280	83	84	68	67	0.00301805
281	81	227	68	69	0.003088505
282	96	229	68	71	0.00293282
283	229	126	68	71	0.0010152124999999999
284	98	101	68	71	0.0004605535
285	115	106	68	73	0.0005159675
286	92	114	68	75	0.002327945
287	121	97	68	75	0.0005761060000000001
288	90	118	68	77	0.002379895
289	118	127	68	77	0.000852245
290	127	105	68	77	0.00045270049999999995
291	88	122	68	79	0.00152542
292	95	93	66	68	0.054001499999999994
293	93	91	66	68	0.006656195
294	91	89	66	68	0.0024892150000000004
295	89	87	66	68	0.00108925
296	93	89	66	70	0.0124575
297	89	85	66	70	0.0027949100000000003
298	85	81	66	70	0.00114686
299	91	85	66	72	0.008084435000000001
300	85	96	66	72	0.001766415
301	89	81	66	74	0.005771755
302	81	90	66	74	0.0013679550000000001
303	82	232	66	74	0.000444368
304	232	116	66	74	0.000388088
305	85	90	66	78	0.003894655
306	90	228	66	78	0.0009472695
307	228	116	66	78	0.000400782
308	83	86	66	80	0.003334565
309	86	231	66	80	0.0010592420000000002
310	231	124	66	80	0.0004120835
311	104	101	66	80	0.000173457
312	81	82	66	65	0.00307784
313	116	115	66	65	0.0003481735
314	96	228	66	67	0.0030001949999999998
315	228	122	66	67	0.0005224744999999999
316	94	232	66	69	0.002617095
317	92	230	66	71	0.002451455
318	90	116	66	73	0.00219139
319	123	99	66	73	0.0003512885
320	88	120	66	75	0.002041435
321	86	124	66	77	0.0019458449999999999
322	84	128	66	79	0.00152527
323	93	91	95	66	0.04926935
324	91	89	95	66	0.006611375
325	89	87	95	66	0.002298935
326	87	85	95	66	0.001159225
327	85	83	95	66	0.000715382
328	91	87	95	68	0.0123633
329	87	83	95	68	0.0028070350000000003
330	83	96	95	68	0.0011819
331	88	84	95	68	0.00026742
332	89	83	95	70	0.00763117
333	83	94	95	70	0.00167103
334	94	88	95	70	0.0006896089999999999
335	87	96	95	72	0.00598681
336	96	88	95	72	0.001225325
337	227	231	95	72	0.0003925665
338	231	118	95	72	0.0007584930000000001
339	85	92	95	74	0.00474598
340	92	82	95	74	0.0009965395
341	120	113	95	74	0.00043667150000000003
342	83	88	95	76	0.004748270000000001
343	81	84	95	78	0.00358225
344	230	126	95	78	0.00038222500000000003
345	96	227	95	80	0.0029287749999999998
346	227	118	95	80	0.000777694
347	94	229	95	65	0.0026273349999999997
348	229	124	95	65	0.000712277
349	92	231	95	67	0.00205018
350	90	114	95	69	0.002433475
351	114	119	95	69	0.0006905995
352	119	110	95	69	0.0003077965
353	88	118	95	71	0.002127295
354	86	122	95	73	0.00209809
355	122	100	95	73	0.0007513089999999999
356	84	126	95	75	0.0017904050000000001
357	126	106	95	75	0.0007036709999999999
358	82	113	95	77	0.0015125899999999999
359	113	112	95	77	0.0006638920000000001
360	91	89	93	95	0.07876455
361	89	87	93	95	0.00705443
362	87	85	93	95	0.002439425
363	85	83	93	95	0.001315255
364	81	96	93	95	0.00039836799999999996
365	89	85	93	66	0.01300375
366	85	81	93	66	0.002951685
367	87	81	93	68	0.007802065
368	81	92	93	68	0.0019752150000000002
369	86	227	93	68	0.000415904
370	114	120	93	68	0.0001046915
371	85	94	93	70	0.006111025
372	94	86	93	70	0.00154506
373	86	228	93	70	0.000702804
374	228	230	93	70	0.0003717195
375	83	90	93	72	0.004840499999999999
376	90	227	93	72	0.00104831
377	81	86	93	74	0.0043926799999999995
378	86	232	93	74	0.0009030584999999999
379	94	228	93	78	0.00236878
380	228	120	93	78	0.0006794975
381	92	232	93	80	0.002846705
382	126	127	93	80	0.0004864345
383	90	230	93	65	0.002585535
384	230	115	93	65	0.0007751265000000001
385	115	104	93	65	0.000496488
386	116	121	93	67	0.0006843859999999999
387	86	120	93	69	0.002527855
388	120	127	93	69	0.000829449
389	84	124	93	71	0.002252595
390	102	111	93	71	0.0005012915
391	128	108	93	73	0.000696221
392	227	115	93	75	0.002081665
393	115	97	93	75	0.000795233
394	228	119	93	77	0.00190521
395	123	109	93	79	0.00064046
396	89	87	91	93	0.062197600000000006
397	87	85	91	93	0.00685156
398	85	83	91	93	0.00249277
399	83	81	91	93	0.001188245
400	87	83	91	95	0.013141299999999998
401	83	96	91	95	0.0031711499999999998
402	96	92	91	95	0.00116962
403	85	96	91	66	0.008097675
404	96	90	91	66	0.00192241
405	228	231	91	66	0.0002118555
406	83	92	91	68	0.005940280000000001
407	81	88	91	70	0.0051446700000000005
408	228	114	91	70	0.000479981
409	96	84	91	72	0.004402345
410	98	110	91	72	0.00022626550000000002
411	227	116	91	74	0.0008433655
412	92	229	91	76	0.004074905
413	90	231	91	78	0.0026713049999999997
414	231	128	91	78	0.0007204094999999999
415	128	98	91	78	0.00041338400000000004
416	88	114	91	80	0.00230758
417	86	118	91	65	0.0023570049999999997
418	227	113	91	71	0.002062865
419	113	110	91	71	0.000666565
420	229	121	91	75	0.0017739499999999998
421	121	105	91	75	0.0006253775
422	232	125	91	77	0.0017143150000000001
423	231	98	91	79	0.001897885
424	87	85	89	91	0.04877185
425	85	83	89	91	0.007195215
426	83	81	89	91	0.002502195
427	81	96	89	91	0.00131251
428	92	90	89	91	0.00028662049999999997
429	85	81	89	93	0.01335275
430	81	94	89	93	0.003084515
431	94	90	89	93	0.001380355
432	83	94	89	95	0.008555565000000001
433	94	88	89	95	0.002012585
434	88	82	89	95	0.000829677
435	82	229	89	95	0.000422919
436	81	90	89	66	0.006308640000000001
437	90	82	89	66	0.00133038
438	82	232	89	66	0.000499343
439	96	86	89	68	0.00490033
440	86	229	89	68	0.00123587
441	229	116	89	68	0.00046109099999999995
442	119	98	89	68	0.000123323
443	98	108	89	68	8.22941e-05
444	94	82	89	70	0.003952595
445	82	230	89	70	0.0010864149999999999
446	228	118	89	72	0.0007184665
447	90	232	89	74	0.00340043
448	123	108	89	74	0.00035875450000000004
449	86	116	89	78	0.00238316
450	84	120	89	80	0.00232948
451	120	125	89	80	0.000924629
452	125	99	89	80	0.0005603240000000001
453	82	124	89	65	0.00217249
454	227	128	89	67	0.0022683549999999997
455	228	115	89	69	0.00229434
456	232	123	89	73	0.00168935
457	231	127	89	75	0.001773665
458	230	100	89	77	0.00190225
459	114	104	89	79	0.00189469
460	85	83	87	89	0.0475313
461	83	81	87	89	0.006861974999999999
462	81	96	87	89	0.00270177
463	96	94	87	89	0.00133579
464	92	90	87	89	0.00036428000000000003
465	83	96	87	91	0.0132756
466	96	92	87	91	0.0031200150000000003
467	88	84	87	91	0.0005375785000000001
468	227	229	87	91	0.00014459150000000002
469	81	92	87	93	0.008874445000000002
470	92	86	87	93	0.001852855
471	232	114	87	93	0.00028469650000000003
472	96	88	87	95	0.006624385
473	227	231	87	95	0.000559524
474	94	84	87	66	0.00509436
475	84	232	87	66	0.00118559
476	92	227	87	68	0.003871285
477	227	114	87	68	0.000982916
478	126	121	87	68	0.00030792600000000003
479	90	229	87	70	0.00356609
480	229	120	87	70	0.0008075425
481	114	115	87	74	0.0006549590000000001
482	115	102	87	74	0.00024571799999999997
483	82	122	87	78	0.002373765
484	227	126	87	80	0.0022661
485	102	109	87	80	0.00030616
486	228	113	87	65	0.0021930300000000003
487	113	108	87	65	0.000515808
488	231	125	87	71	0.002006215
489	230	98	87	73	0.00192041
490	114	102	87	75	0.0018867850000000002
491	116	106	87	77	0.001629215
492	118	110	87	79	0.00158639
493	83	81	85	87	0.040098499999999995
494	81	96	85	87	0.008184825
495	96	94	85	87	0.00255262
496	94	92	85	87	0.0013830000000000001
497	92	90	85	87	0.000659417
498	81	94	85	89	0.0151288
499	94	90	85	89	0.00348096
500	86	82	85	89	0.0005956155
501	228	232	85	89	0.00022468199999999997
502	96	90	85	91	0.008802220000000001
503	90	84	85	91	0.00187158
504	228	231	85	91	0.000426761
505	94	86	85	93	0.00625876
506	86	228	85	93	0.00153535
507	230	120	85	93	0.00041814749999999996
508	120	128	85	93	0.000303002
509	128	119	85	93	0.00025991
510	92	82	85	95	0.00489324
511	90	228	85	66	0.0039019099999999998
512	228	116	85	66	0.0008666015
513	116	128	85	66	0.00031475199999999996
514	88	232	85	68	0.003200405
515	86	230	85	70	0.002866685
516	230	128	85	70	0.0007745865
517	128	127	85	70	0.0004152315
518	127	112	85	70	0.0002857335
519	112	111	85	70	0.0002837315
520	82	120	85	74	0.002704
521	120	123	85	74	0.0009096085000000001
522	123	112	85	74	0.0003650405
523	227	124	85	76	0.0027421750000000003
524	228	128	85	78	0.002232015
525	229	115	85	80	0.0018637950000000001
526	232	119	85	65	0.00182467
527	231	123	85	67	0.001971395
528	114	100	85	71	0.001980375
529	116	104	85	73	0.00177315
530	118	108	85	75	0.001697115
531	120	112	85	77	0.0016267299999999998
532	122	99	85	79	0.0016534499999999999
533	81	96	83	85	0.048925800000000005
534	96	94	83	85	0.00760039
535	94	92	83	85	0.003296965
536	92	90	83	85	0.0012432749999999998
537	96	92	83	87	0.014901849999999998
538	92	88	83	87	0.0030671450000000003
539	88	84	83	87	0.0012489950000000001
540	94	88	83	89	0.00932399
541	88	82	83	89	0.0020460499999999998
542	82	229	83	89	0.0007836284999999999
543	229	230	83	89	0.000328314
544	92	84	83	91	0.0064261349999999995
545	84	229	83	91	0.0015586950000000001
546	90	227	83	93	0.004706495
547	227	230	83	93	0.00112863
548	104	97	83	93	0.00012430200000000002
549	88	229	83	95	0.003715815
550	229	118	83	95	0.0010091975
551	86	231	83	66	0.0031361
552	84	114	83	68	0.002589735
553	114	113	83	68	0.0008624955
554	113	98	83	68	0.0004234745
555	82	118	83	70	0.0025617
556	118	119	83	70	0.0008420694999999999
557	119	106	83	70	0.00037679499999999997
558	106	107	83	70	0.00021511700000000002
559	227	122	83	72	0.00273364
560	228	126	83	74	0.0024236600000000002
561	126	100	83	74	0.00073415
562	100	105	83	74	0.00036420349999999996
563	231	121	83	80	0.0020283
564	230	125	83	65	0.00191194
565	114	98	83	67	0.00202519
566	116	102	83	69	0.0020497049999999998
567	118	106	83	71	0.001702585
568	120	110	83	73	0.0016928949999999998
569	122	97	83	75	0.001604705
570	124	101	83	77	0.001716385
571	126	105	83	79	0.001639135
572	96	94	81	83	0.03858375
573	94	92	81	83	0.00785261
574	92	90	81	83	0.002341785
575	90	88	81	83	0.001354095
576	94	90	81	85	0.014349399999999998
577	90	86	81	85	0.0029549199999999998
578	86	82	81	85	0.001131605
579	92	86	81	87	0.008483885
580	86	227	81	87	0.001965735
581	126	115	81	87	0.00012761899999999999
582	90	82	81	89	0.0063108850000000005
583	82	232	81	89	0.00132792
584	88	228	81	91	0.00438731
585	228	114	81	91	0.00106294
586	86	232	81	93	0.003944845
587	232	120	81	93	0.0009054019999999999
588	84	230	81	95	0.003089825
589	230	126	81	95	0.0008558715
590	82	116	81	66	0.002752455
591	116	115	81	66	0.000736283
592	115	100	81	66	0.000416165
593	227	120	81	68	0.00284462
594	121	108	81	68	0.00034692450000000004
595	228	124	81	70	0.002598655
596	128	102	81	72	0.0005609725
597	230	123	81	78	0.001980205
598	114	127	81	80	0.0019259149999999998
599	116	100	81	65	0.00196719
600	122	112	81	71	0.00173351
601	124	99	81	73	0.00163434
602	126	103	81	75	0.0018403999999999998
603	128	107	81	77	0.0016996950000000002
604	113	111	81	79	0.00170068
605	94	92	96	81	0.052743849999999995
606	92	90	96	81	0.007224919999999999
607	90	88	96	81	0.002270665
608	92	88	96	83	0.013644000000000002
609	88	84	96	83	0.003415015
610	227	229	96	83	0.0006913495
611	114	118	96	83	0.00010093
612	90	84	96	85	0.009013549999999999
613	84	228	96	85	0.0020804400000000002
614	228	231	96	85	0.0006767865
615	231	116	96	85	0.000404009
616	88	227	96	87	0.00611352
617	227	231	96	87	0.00147475
618	86	229	96	89	0.0049007849999999995
619	229	116	96	89	0.00125074
620	84	231	96	91	0.00366528
621	82	114	96	93	0.0031158949999999996
622	227	118	96	95	0.00302953
623	228	122	96	66	0.002761815
624	123	110	96	66	0.000341836
625	110	111	96	66	0.0002076345
626	229	126	96	68	0.00219264
627	126	98	96	68	0.0008171035
628	232	113	96	70	0.00209513
629	113	104	96	70	0.0007394935000000001
630	104	109	96	70	0.000328343
631	230	121	96	74	0.0021471800000000003
632	116	98	96	78	0.00198591
633	118	102	96	80	0.002038095
634	126	101	96	71	0.001930755
635	128	105	96	73	0.001722445
636	113	109	96	75	0.0016447100000000002
637	92	90	94	96	0.0367832
638	90	88	94	96	0.005137865
639	82	227	94	96	0.0008668524999999999
640	90	86	94	81	0.01259625
641	86	82	94	81	0.00394042
642	82	228	94	81	0.00158952
643	232	230	94	81	0.0002072225
644	88	82	94	83	0.00978845
645	82	229	94	83	0.002168375
646	229	230	94	83	0.000896876
647	124	113	94	83	0.00042117
648	86	228	94	85	0.006420205
649	84	232	94	87	0.004434185
650	232	118	94	87	0.00128457
651	82	230	94	89	0.0035781750000000003
652	124	119	94	89	0.0007324635
653	227	116	94	91	0.00298922
654	110	107	94	91	0.0003219815
655	120	119	94	93	0.0011926200000000001
656	119	104	94	93	0.000520621
657	229	124	94	95	0.0024202900000000003
658	124	125	94	95	0.000979812
659	232	128	94	66	0.00208717
660	128	100	94	66	0.000838958
661	115	106	94	68	0.000855163
662	230	119	94	70	0.0018837250000000002
663	114	123	94	72	0.001975445
664	116	127	94	74	0.0018195999999999998
665	120	104	94	78	0.0016310650000000001
666	122	108	94	80	0.00162384
667	124	112	94	65	0.00161407
668	126	99	94	67	0.00170217
669	113	107	94	71	0.001540185
670	115	111	94	73	0.001539425
671	90	88	92	94	0.0583187
672	86	84	92	94	0.00141718
673	84	82	92	94	0.0015112200000000002
674	88	84	92	96	0.01327085
675	84	227	92	96	0.003859945
676	229	231	92	96	0.0005578565
677	118	122	92	96	0.0001867795
678	86	227	92	81	0.00849685
679	227	232	92	81	0.001995045
680	232	114	92	81	0.000890164
681	84	229	92	83	0.006372335
682	229	114	92	83	0.00155116
683	82	231	92	85	0.0049245999999999995
684	113	123	92	85	0.000266713
685	227	114	92	87	0.00382973
686	126	121	92	87	0.0005060735
687	228	118	92	89	0.00337264
688	118	115	92	89	0.001015615
689	98	112	92	89	0.0001431975
690	229	122	92	91	0.00286026
691	122	121	92	91	0.000917909
692	121	106	92	91	0.0005050149999999999
693	232	126	92	93	0.00241317
694	126	127	92	93	0.000920288
695	127	97	92	93	0.00041173
696	231	113	92	95	0.00240485
697	114	121	92	68	0.002170145
698	121	97	92	68	0.0008497649999999999
699	116	125	92	70	0.002062045
700	120	102	92	74	0.0019857950000000003
701	124	110	92	78	0.001717475
702	126	97	92	80	0.001705925
703	128	101	92	65	0.0018933
704	113	105	92	67	0.00185512
705	115	109	92	69	0.0017183900000000002
706	88	86	90	92	0.04026495000000001
707	86	84	90	92	0.006999215
708	84	82	90	92	0.002658335
709	227	228	90	92	0.0007433450000000001
710	86	82	90	94	0.013097550000000001
711	82	228	90	94	0.0034451200000000003
712	228	232	90	94	0.000940801
713	116	120	90	94	0.0002448315
714	84	228	90	96	0.008748175
715	228	231	90	96	0.00194247
716	231	116	90	96	0.000718499
717	116	122	90	96	0.000429522
718	82	232	90	81	0.006550210000000001
719	232	116	90	81	0.001558675
720	124	115	90	81	0.00025155049999999997
721	227	230	90	83	0.004853025
722	230	122	90	83	0.0010610964999999998
723	228	116	90	85	0.0038115300000000005
724	128	123	90	85	0.000568552
725	123	104	90	85	0.0002550895
726	104	99	90	85	0.000124946
727	229	120	90	87	0.00338926
728	232	124	90	89	0.0027928750000000002
729	231	128	90	91	0.002746275
730	230	115	90	93	0.00239066
731	115	104	90	93	0.000827347
732	104	107	90	93	0.000443996
733	114	119	90	95	0.0022635600000000004
734	119	110	90	95	0.0007295959999999999
735	116	123	90	66	0.00211224
736	123	99	90	66	0.0007314855
737	118	127	90	68	0.00192786
738	127	105	90	68	0.000730709
739	120	100	90	70	0.00189135
740	100	111	90	70	0.0007437215
741	124	108	90	74	0.00188747
742	128	99	90	78	0.00177749
743	113	103	90	80	0.001933035
744	115	107	90	65	0.001678105
745	86	84	88	90	0.04345515
746	84	82	88	90	0.007907535
747	82	227	88	90	0.00421614
748	227	228	88	90	0.0013487
749	232	231	88	90	0.000528033
750	84	227	88	92	0.01486755
751	227	229	88	92	0.003375655
752	229	231	88	92	0.00139129
753	82	229	88	94	0.0101284
754	229	230	88	94	0.0021531350000000005
755	227	231	88	96	0.0060011000000000005
756	125	102	88	96	0.00044317749999999996
757	102	110	88	96	0.000341334
758	228	114	88	81	0.0044252300000000005
759	229	118	88	83	0.003623195
760	118	113	88	83	0.001268325
761	232	122	88	85	0.0029758099999999997
762	122	119	88	85	0.00118153
763	126	125	88	87	0.001061558
764	125	110	88	87	0.000560939
765	230	113	88	89	0.002348105
766	121	112	88	93	0.0010163355000000001
767	118	125	88	95	0.001894935
768	120	98	88	66	0.00178881
769	124	106	88	70	0.00165528
770	126	110	88	72	0.0017269
771	128	97	88	74	0.001661685
772	113	101	88	76	0.002435125
773	115	105	88	78	0.00154452
774	84	82	86	88	0.0477064
775	82	227	86	88	0.0068866050000000005
776	227	228	86	88	0.0026953000000000003
777	228	229	86	88	0.001275235
778	229	232	86	88	0.0011393800000000002
779	82	228	86	90	0.014782050000000001
780	228	232	86	90	0.003010205
781	232	230	86	90	0.001371835
782	230	116	86	90	0.0004760895
783	227	232	86	92	0.00879656
784	232	114	86	92	0.0021179750000000002
785	228	230	86	94	0.006218425
786	230	120	86	94	0.001268805
787	229	116	86	96	0.004348950000000001
788	126	119	86	96	0.0006935400000000001
789	232	120	86	81	0.0035927199999999998
790	120	115	86	81	0.00131497
791	124	121	86	83	0.00113646
792	230	128	86	85	0.00276466
793	128	127	86	85	0.00106654
794	127	112	86	85	0.000460573
795	102	103	86	87	0.00042218649999999997
796	116	119	86	89	0.00225055
797	108	111	86	89	0.0004936280000000001
798	118	123	86	91	0.0020074949999999998
799	120	127	86	93	0.00194559
800	122	100	86	95	0.001830645
801	100	109	86	95	0.0008330309999999999
802	124	104	86	66	0.001749425
803	126	108	86	68	0.00185317
804	128	112	86	70	0.001687765
805	113	99	86	72	0.001879255
806	119	111	86	78	0.00164847
807	82	227	84	86	0.057030199999999996
808	227	228	84	86	0.007784325
809	228	229	84	86	0.001477505
810	229	232	84	86	0.0020562799999999997
811	230	114	84	86	0.0003992955
812	227	229	84	88	0.013431
813	229	231	84	88	0.00391038
814	231	114	84	88	0.0011452250000000001
815	118	122	84	88	0.0002645735
816	228	231	84	90	0.007664845
817	231	116	84	90	0.001993775
818	122	128	84	90	0.0002533735
819	229	114	84	92	0.006226995
820	122	113	84	92	0.00081021
821	232	118	84	94	0.004301125
822	118	128	84	94	0.0012027000000000001
823	128	121	84	94	0.0006450315
824	110	105	84	96	0.00031661699999999994
825	230	126	84	81	0.0031216200000000003
826	126	123	84	81	0.001164675
827	114	113	84	83	0.00271335
828	113	98	84	83	0.0009559799999999999
829	98	97	84	83	0.000625143
830	104	105	84	85	0.00047135400000000005
831	118	121	84	87	0.00214691
832	120	125	84	89	0.00196963
833	125	99	84	89	0.0010289095
834	122	98	84	91	0.0018666450000000001
835	124	102	84	93	0.00190588
836	102	111	84	93	0.0009495414999999999
837	126	106	84	95	0.001800485
838	128	110	84	66	0.001697315
839	113	97	84	68	0.001723795
840	119	109	84	74	0.001658255
841	227	228	82	84	0.07955954999999999
842	228	229	82	84	0.00629157
843	229	232	82	84	0.00233256
844	232	231	82	84	0.001110245
845	231	230	82	84	0.001014887
846	114	116	82	84	0.00017937299999999998
847	228	232	82	86	0.012850649999999998
848	232	230	82	86	0.00304219
849	230	116	82	86	0.0011898149999999999
850	229	230	82	88	0.008822074999999999
851	230	118	82	88	0.00168191
852	232	116	82	90	0.005219069999999999
853	124	115	82	90	0.0007657390000000001
854	120	113	82	92	0.001385885
855	113	123	82	92	0.0006408735
856	230	124	82	94	0.0041321299999999995
857	119	100	82	94	0.00036499350000000004
858	100	112	82	94	0.0002663405
859	128	125	82	96	0.001106855
860	116	115	82	81	0.0027632
861	115	100	82	81	0.00095076
862	100	99	82	81	0.000515654
863	118	119	82	83	0.002382945
864	119	106	82	83	0.000864346
865	106	107	82	83	0.00045745249999999996
866	120	123	82	85	0.002131405
867	122	127	82	87	0.0020473749999999997
868	124	100	82	89	0.00194932
869	126	104	82	91	0.0019020550000000002
870	128	108	82	93	0.001943495
871	113	112	82	95	0.001776805
872	115	99	82	66	0.0017917200000000001
873	119	107	82	70	0.00171478
874	121	111	82	72	0.0017986550000000001
875	228	229	227	82	0.0521185
876	229	232	227	82	0.0067592450000000005
877	231	230	227	82	0.00138515
878	229	231	227	84	0.012976749999999999
879	231	114	227	84	0.0028352150000000003
880	114	118	227	84	0.00078626
881	126	113	227	84	0.000228913
882	232	114	227	86	0.00791829
883	114	120	227	86	0.0015776800000000001
884	231	118	227	88	0.00641808
885	102	110	227	88	0.0004483345
886	230	122	227	90	0.0046717500000000006
887	122	115	227	90	0.0011878050000000001
888	114	126	227	92	0.00380195
889	126	121	227	92	0.0009616894999999999
890	97	109	227	92	0.00019011900000000004
891	116	113	227	94	0.0034306700000000002
892	110	107	227	94	0.0003832725
893	120	121	227	81	0.00238696
894	108	109	227	81	0.0004680805
895	122	125	227	83	0.0023182899999999998
896	124	98	227	85	0.0021117749999999998
897	98	103	227	85	0.0007948885000000001
898	126	102	227	87	0.0023735600000000003
899	102	109	227	87	0.000812506
900	128	106	227	89	0.0020244650000000005
901	113	110	227	91	0.00196279
902	115	97	227	93	0.0018011199999999998
903	119	105	227	66	0.001884995
904	121	109	227	68	0.0017663499999999999
905	229	232	228	227	0.0721618
906	232	231	228	227	0.007683775
907	231	230	228	227	0.00279204
908	230	114	228	227	0.00134109
909	114	116	228	227	0.0008192025
910	232	230	228	82	0.014128600000000002
911	230	116	228	82	0.00301089
912	116	120	228	82	0.0008610709999999999
913	128	115	228	82	0.000234021
914	231	116	228	84	0.00908114
915	116	122	228	84	0.001651965
916	98	104	228	84	0.0002084305
917	230	120	228	86	0.006456805
918	114	124	228	88	0.005199945
919	116	128	228	90	0.003981935
920	128	123	228	90	0.0010947650000000001
921	123	104	228	90	0.00041939799999999997
922	104	99	228	90	0.000283151
923	118	115	228	92	0.003256005
924	98	112	228	92	0.000436168
925	104	103	228	94	0.000213391
926	122	123	228	96	0.0024995349999999998
927	123	110	228	96	0.000809935
928	110	111	228	96	0.00036220800000000004
929	124	127	228	81	0.0023162649999999996
930	127	99	228	81	0.000822396
931	126	100	228	83	0.0023847
932	100	105	228	83	0.0008299539999999999
933	128	104	228	85	0.0021346000000000004
934	104	111	228	85	0.0006502155
935	113	108	228	87	0.0021278
936	115	112	228	89	0.0019502999999999999
937	117	99	228	91	0.001731425
938	119	103	228	93	0.002080485
939	121	107	228	95	0.00178576
940	123	111	228	66	0.001888555
941	232	231	229	228	0.049778550000000005
942	231	230	229	228	0.007206995
943	230	114	229	228	0.0026403950000000002
944	114	116	229	228	0.001096425
945	120	122	229	228	0.00038897300000000003
946	231	114	229	227	0.013890200000000002
947	114	118	229	227	0.0027989850000000004
948	118	122	229	227	0.001248855
949	122	126	229	227	0.00045503799999999995
950	230	118	229	82	0.008266335
951	118	124	229	82	0.001781865
952	113	119	229	82	0.000393145
953	114	122	229	84	0.005957624999999999
954	121	98	229	84	0.00038585399999999993
955	116	126	229	86	0.004461794999999999
956	126	119	229	86	0.001210105
957	119	98	229	86	0.000527444
958	118	113	229	88	0.00372112
959	100	97	229	90	0.00048705600000000003
960	122	121	229	92	0.002657355
961	121	106	229	92	0.000991851
962	106	105	229	92	0.0005543025
963	124	125	229	94	0.0025210099999999997
964	125	112	229	94	0.00071928
965	126	98	229	96	0.002275475
966	102	107	229	81	0.001038865
967	113	106	229	83	0.00204968
968	115	110	229	85	0.001917505
969	121	105	229	91	0.001683885
970	123	109	229	93	0.00175398
971	231	230	232	229	0.0595663
972	230	114	232	229	0.008704315
973	114	116	232	229	0.002407505
974	116	118	232	229	0.0017298650000000001
975	120	122	232	229	0.0004245385
976	230	116	232	228	0.014343850000000002
977	116	120	232	228	0.00332711
978	120	124	232	228	0.0009193420000000001
979	124	128	232	228	0.0007776980000000001
980	128	115	232	228	0.00028311199999999997
981	114	120	232	227	0.008291465
982	120	126	232	227	0.00213664
983	126	115	232	227	0.000851334
984	116	124	232	82	0.00608062
985	124	115	232	82	0.0019005749999999998
986	115	123	232	82	0.000721593
987	108	99	232	82	0.00042528549999999997
988	118	128	232	84	0.00455756
989	128	121	232	84	0.00112728
990	100	110	232	84	0.0005631029999999999
991	120	115	232	86	0.00343887
992	115	127	232	86	0.001048405
993	127	108	232	86	0.0002813125
994	108	103	232	86	0.00044250349999999997
995	122	119	232	88	0.003299785
996	124	123	232	90	0.0028944699999999997
997	108	107	232	90	0.0006738359999999999
998	126	127	232	92	0.0024159150000000002
999	128	100	232	94	0.002194975
1000	113	104	232	96	0.002152955
1001	115	108	232	81	0.0019497300000000002
1002	119	99	232	85	0.0019180549999999999
1003	123	107	232	89	0.0017925100000000002
1004	125	111	232	91	0.001257995
1005	230	114	231	232	0.0573578
1006	114	116	231	232	0.006607915
1007	116	118	231	232	0.001568055
1008	118	120	231	232	0.001307135
1009	114	118	231	229	0.013340999999999999
1010	118	122	231	229	0.002782585
1011	116	122	231	228	0.007860735
1012	122	128	231	228	0.0018499900000000001
1013	118	126	231	227	0.005579255
1014	110	105	231	84	0.00041864949999999995
1015	121	104	231	86	0.0008506585000000001
1016	128	98	231	90	0.00254676
1017	98	99	231	90	0.00080765
1018	113	102	231	92	0.002694325
1019	119	97	231	81	0.00208627
1020	121	101	231	83	0.0023146399999999998
1021	123	105	231	85	0.00200432
1022	125	109	231	87	0.00189791
1023	114	116	230	231	0.047530750000000004
1024	116	118	230	231	0.007143254999999999
1025	118	120	230	231	0.0026312749999999998
1026	120	122	230	231	0.0011447699999999998
1027	124	126	230	231	0.00059481
1028	116	120	230	232	0.0134303
1029	120	124	230	232	0.0030439300000000002
1030	118	124	230	229	0.008383785000000001
1031	124	113	230	229	0.0018136750000000003
1032	113	119	230	229	0.0006186115
1033	119	125	230	229	0.00044075099999999997
1034	120	128	230	228	0.005204335
1035	128	119	230	228	0.00144917
1036	119	127	230	228	0.0006620785
1037	112	103	230	228	0.0002982405
1038	122	115	230	227	0.0042989050000000004
1039	115	125	230	227	0.00128331
1040	125	104	230	227	0.000578159
1041	128	127	230	86	0.002915025
1042	113	100	230	88	0.0028525549999999997
1043	100	101	230	88	0.000614557
1044	115	104	230	90	0.0023303150000000003
1045	104	107	230	90	0.000843964
1046	119	112	230	94	0.00232636
1047	121	99	230	96	0.0020646049999999997
1048	125	107	230	83	0.00209413
1049	127	111	230	85	0.001771575
1050	116	118	114	230	0.04518605
1051	118	120	114	230	0.00773078
1052	120	122	114	230	0.00283941
1053	118	122	114	231	0.0144899
1054	122	126	114	231	0.003222515
1055	126	113	114	231	0.001196905
1056	120	126	114	232	0.00840529
1057	126	115	114	232	0.00170934
1058	127	102	114	232	0.0010110050000000002
1059	122	113	114	229	0.00611582
1060	113	121	114	229	0.001299115
1061	127	106	114	228	0.0004608025
1062	126	121	114	227	0.0037898
1063	97	109	114	227	0.00019624699999999998
1064	113	98	114	84	0.00308035
1065	115	102	114	86	0.00307686
1066	119	110	114	90	0.002307715
1067	121	97	114	92	0.002154765
1068	123	101	114	94	0.0026075250000000003
1069	125	105	114	96	0.0020399800000000003
1070	127	109	114	81	0.0017851949999999998
1071	118	120	116	114	0.05040555
1072	120	122	116	114	0.0073974
1073	122	124	116	114	0.002482335
1074	124	126	116	114	0.00117711
1075	128	113	116	114	0.0006051844999999999
1076	120	124	116	230	0.013609350000000001
1077	124	128	116	230	0.0033413699999999998
1078	128	115	116	230	0.00113462
1079	123	127	116	230	0.0002106625
1080	122	128	116	231	0.008001465
1081	123	98	116	231	0.00040862600000000004
1082	110	99	116	231	0.00016988
1083	126	119	116	229	0.00460441
1084	128	123	116	228	0.00343361
1085	123	104	116	228	0.001019249
1086	104	99	116	228	0.0004972175000000001
1087	99	111	116	228	0.00016326649999999997
1088	113	127	116	227	0.0030883050000000004
1089	127	110	116	227	0.0008872825
1090	110	107	116	227	0.00047775899999999996
1091	115	100	116	82	0.003005695
1092	119	108	116	86	0.002693855
1093	121	112	116	88	0.0025083550000000003
1094	123	99	116	90	0.002242575
1095	125	103	116	92	0.0021674399999999996
1096	127	107	116	94	0.0020446350000000004
1097	98	111	116	96	0.00220498
1098	120	122	118	116	0.0468136
1099	122	124	118	116	0.00725875
1100	124	126	118	116	0.0019749950000000002
1101	122	126	118	114	0.012391
1102	126	113	118	114	0.003455575
1103	124	113	118	230	0.007691170000000001
1104	113	119	118	230	0.00179893
1105	125	100	118	230	0.00039830500000000006
1106	112	101	118	230	0.0002534355
1107	128	121	118	232	0.00505376
1108	121	100	118	232	0.0012751799999999999
1109	110	103	118	232	0.0004876025
1110	113	125	118	229	0.003609525
1111	125	106	118	229	0.00108454
1112	115	98	118	228	0.00295831
1113	98	112	118	228	0.000955097
1114	102	101	118	227	0.000917104
1115	119	106	118	82	0.002689955
1116	106	107	118	82	0.0007614799999999999
1117	121	110	118	84	0.00248269
1118	123	97	118	86	0.002324565
1119	125	101	118	88	0.0025591800000000003
1120	127	105	118	90	0.00204354
1121	98	109	118	92	0.001798535
1122	122	124	120	118	0.05153215
1123	124	126	120	118	0.006976485
1124	126	128	120	118	0.002509135
1125	128	113	120	118	0.00153335
1126	124	128	120	116	0.011743100000000001
1127	128	115	120	116	0.00388248
1128	115	119	120	116	0.0013103799999999999
1129	100	104	120	116	0.00026261549999999996
1130	126	115	120	114	0.008277815
1131	115	121	120	114	0.0019664500000000002
1132	128	119	120	230	0.006227075
1133	119	127	120	230	0.00152674
1134	113	123	120	231	0.004007485
1135	102	112	120	231	0.000650117
1136	115	127	120	232	0.00348008
1137	127	108	120	232	0.0009579475000000001
1138	100	97	120	229	0.0009991625
1139	119	104	120	228	0.00269538
1140	121	108	120	227	0.00252141
1141	123	112	120	82	0.002466645
1142	125	99	120	84	0.00239573
1143	98	107	120	88	0.00204228
1144	100	111	120	90	0.00161683
1145	124	126	122	120	0.043513500000000004
1146	126	128	122	120	0.00675193
1147	128	113	122	120	0.00173808
1148	113	115	122	120	0.0010703499999999999
1149	126	113	122	118	0.01245465
1150	121	125	122	118	0.0005067105
1151	125	98	122	118	0.000325985
1152	123	98	122	116	0.0007932365000000001
1153	98	104	122	116	0.0003468605
1154	113	121	122	114	0.005155524999999999
1155	121	98	122	114	0.001533455
1156	115	125	122	230	0.0042084
1157	125	104	122	230	0.001224075
1158	104	97	122	230	0.0003564725
1159	98	110	122	231	0.0009599259999999999
1160	110	105	122	231	0.0006671875
1161	119	102	122	232	0.0037246
1162	121	106	122	229	0.002838625
1163	106	105	122	229	0.0008609205
1164	123	110	122	228	0.00240775
1165	125	97	122	227	0.002250765
1166	127	101	122	82	0.00257383
1167	100	109	122	86	0.0021543450000000002
1168	126	128	124	122	0.06822719999999999
1169	128	113	124	122	0.007456335000000001
1170	113	115	124	122	0.002262595
1171	121	123	124	122	0.0003333055
1172	128	115	124	120	0.012455
1173	115	119	124	120	0.003025725
1174	119	123	124	120	0.0011372499999999998
1175	123	127	124	120	0.000641899
1176	113	119	124	118	0.00750788
1177	119	125	124	118	0.00195291
1178	100	106	124	118	0.0004012525
1179	106	112	124	118	4.75711e-05
1180	115	123	124	116	0.005458859999999999
1181	119	100	124	230	0.003728605
1182	100	112	124	230	0.0009431845
1183	121	104	124	231	0.002931375
1184	123	108	124	232	0.0032604599999999997
1185	125	112	124	229	0.002369
1186	127	99	124	228	0.001914775
1187	100	107	124	82	0.00215777
1188	128	113	126	124	0.05147485
1189	113	115	126	124	0.0058317049999999995
1190	125	98	126	122	0.000688489
1191	115	121	126	120	0.008174205
1192	121	127	126	120	0.0018307899999999999
1193	127	102	126	120	0.000543096
1194	125	102	126	118	0.00123514
1195	110	101	126	118	0.0007178415
1196	119	98	126	116	0.00446106
1197	98	108	126	116	0.0011713700000000001
1198	102	97	126	114	0.00108265
1199	97	109	126	114	0.00046652749999999995
1200	123	106	126	230	0.0032464599999999996
1201	125	110	126	231	0.002590485
1202	110	109	126	231	0.0011221299999999998
1203	127	97	126	232	0.002642765
1204	98	101	126	229	0.002851785
1205	100	105	126	228	0.0021991199999999997
1206	113	115	128	126	0.03404565
1207	115	117	128	126	0.006933485
1208	117	119	128	126	0.002678345
1209	119	121	128	126	0.001219985
1210	123	125	128	126	0.0004079345
1211	115	119	128	124	0.013260000000000001
1212	119	123	128	124	0.00279013
1213	123	127	128	124	0.001151355
1214	117	123	128	122	0.007222845
1215	123	98	128	122	0.0019793750000000002
1216	98	104	128	122	0.000685225
1217	119	127	128	120	0.006024855
1218	112	103	128	120	0.000640348
1219	121	100	128	118	0.00472923
1220	110	103	128	118	0.000560436
1221	123	104	128	116	0.003813025
1222	104	99	128	116	0.001038555
1223	108	105	128	114	0.001072505
1224	127	112	128	230	0.0025573600000000003
1225	112	111	128	230	0.0011057
1226	98	99	128	231	0.0024591500000000002
1227	100	103	128	232	0.0025718950000000003
1228	104	111	128	228	0.002069615
1229	119	121	113	128	0.00242019
1230	127	98	113	128	0.000177289
1231	121	125	113	126	0.00325421
1232	125	98	113	126	0.001239875
1233	119	125	113	124	0.00859381
1234	125	100	113	124	0.0019028550000000002
1235	106	112	113	124	0.0006314694999999999
1236	121	98	113	122	0.006389535
1237	98	106	113	122	0.0012635049999999998
1238	123	102	113	120	0.0053221150000000005
1239	112	105	113	120	0.000495977
1240	125	106	113	118	0.004127625
1241	106	101	113	118	0.000822524
1242	127	110	113	116	0.003086685
1243	110	107	113	116	0.001046464
1244	98	97	113	114	0.0028728449999999997
1245	102	105	113	231	0.002275875
1246	104	109	113	232	0.00301502
1247	119	121	115	113	0.007406009999999999
1248	121	123	115	113	0.00261841
1249	123	125	115	113	0.001221855
1250	125	127	115	113	0.0006171865
1251	119	123	115	128	0.0138601
1252	123	127	115	128	0.003323075
1253	127	100	115	128	0.000996482
1254	100	104	115	128	0.0005901085
1255	121	127	115	126	0.008542655
1256	127	102	115	126	0.00176729
1257	102	108	115	126	0.0008581979999999999
1258	123	100	115	124	0.006419215000000001
1259	100	108	115	124	0.001208995
1260	125	104	115	122	0.004750865
1261	104	97	115	122	0.00109377
1262	127	108	115	120	0.004057975
1263	108	103	115	120	0.0008349385
1264	98	112	115	118	0.003165995
1265	112	109	115	118	0.00118557
1266	100	99	115	116	0.002699945
1267	102	103	115	114	0.002528635
1268	104	107	115	230	0.0024568050000000003
1269	106	111	115	231	0.00219148
1270	119	121	117	115	0.11754500000000001
1271	121	123	117	115	0.009220095000000001
1272	123	125	117	115	0.0027855500000000004
1273	125	127	117	115	0.00156022
1274	121	125	117	113	0.015811150000000003
1275	125	98	117	113	0.003357605
1276	123	98	117	128	0.009233775
1277	98	104	117	128	0.0019900300000000003
1278	104	110	117	128	0.0007791695000000001
1279	110	99	117	128	0.000244756
1280	125	102	117	126	0.00665667
1281	102	110	117	126	0.00162335
1282	127	106	117	124	0.004707695
1283	99	109	117	124	0.00022540499999999997
1284	98	110	117	122	0.004102585
1285	102	101	117	118	0.002852225
1286	104	105	117	116	0.00260163
1287	106	109	117	114	0.0026503250000000003
1288	121	123	119	117	0.08158865
1289	123	125	119	117	0.008348419999999999
1290	125	127	119	117	0.003083625
1291	127	98	119	117	0.001232915
1292	123	127	119	115	0.01591255
1293	127	100	119	115	0.002854415
1294	104	108	119	115	0.0006109005
1295	125	100	119	113	0.00900391
1296	100	106	119	113	0.001952035
1297	106	112	119	113	0.0008577280000000001
1298	127	104	119	128	0.006059205
1299	104	112	119	128	0.0014364450000000002
1300	98	108	119	126	0.00485324
1301	108	101	119	126	0.0008036295
1302	100	112	119	124	0.00418309
1303	112	107	119	124	0.0005953944999999999
1304	106	107	119	118	0.00294483
1305	108	111	119	116	0.00253147
1306	123	125	121	119	0.0719806
1307	125	127	121	119	0.008860845
1308	127	98	121	119	0.00263992
1309	98	100	121	119	0.00113495
1310	104	106	121	119	0.00019613600000000002
1311	125	98	121	117	0.015677
1312	98	102	121	117	0.002853395
1313	102	106	121	117	0.00124927
1314	106	110	121	117	0.0005532735
1315	101	105	121	117	0.0005003205
1316	127	102	121	115	0.008675205
1317	102	108	121	115	0.00195945
1318	108	97	121	115	0.000946183
1319	98	106	121	113	0.0056292949999999994
1320	106	97	121	113	0.001615295
1321	97	105	121	113	0.0005983335
1322	100	110	121	128	0.004772515
1323	102	97	121	126	0.0035567899999999998
1324	97	109	121	126	0.000983486
1325	106	105	121	122	0.003242165
1326	108	109	121	120	0.00319848
1327	125	127	123	121	0.09517120000000001
1328	127	98	123	121	0.0116986
1329	98	100	123	121	0.002404825
1330	100	102	123	121	0.001428915
1331	104	106	123	121	0.000217983
1332	106	108	123	121	0.00017746
1333	127	100	123	119	0.01820315
1334	100	104	123	119	0.00320869
1335	104	108	123	119	0.000944056
1336	98	104	123	117	0.008237465
1337	104	110	123	117	0.0017077099999999999
1338	110	99	123	117	0.000830532
1339	99	105	123	117	0.000449698
1340	105	111	123	117	0.0002124055
1341	100	108	123	115	0.006087785
1342	102	112	123	113	0.004448850000000001
1343	112	105	123	113	0.0010441650000000001
1344	104	99	123	128	0.003786905
1345	108	107	123	124	0.00303893
1346	110	111	123	122	0.0027293400000000002
1347	127	98	125	123	0.36720450000000004
1348	98	100	125	123	0.013394300000000001
1349	100	102	125	123	0.003288475
1350	104	106	125	123	0.0006582085
1351	98	102	125	121	0.02100735
1352	102	106	125	121	0.0036429749999999997
1353	106	110	125	121	0.001229145
1354	110	97	125	121	0.000717612
1355	105	109	125	121	0.000129046
1356	100	106	125	119	0.009628584999999999
1357	106	112	125	119	0.002020195
1358	102	110	125	117	0.0062787450000000005
1359	110	101	125	117	0.0013284149999999999
1360	101	109	125	117	0.000754653
1361	104	97	125	115	0.00474046
1362	97	107	125	115	0.0009416780000000002
1363	106	101	125	113	0.0039432
1364	108	105	125	128	0.00340908
1365	110	109	125	126	0.0030502800000000003
1366	98	100	127	125	0.173558
1367	100	102	127	125	0.026231650000000002
1368	102	104	127	125	0.0056447649999999995
1369	104	106	127	125	0.001683765
1370	106	108	127	125	0.001204905
1371	110	112	127	125	0.000441199
1372	100	104	127	123	0.03713775
1373	104	108	127	123	0.003756565
1374	108	112	127	123	0.00159055
1375	112	99	127	123	0.0007254275
1376	102	108	127	121	0.01246835
1377	108	97	127	121	0.002454285
1378	103	109	127	121	0.000220487
1379	104	112	127	119	0.006972249999999999
1380	112	103	127	119	0.001520235
1381	106	99	127	117	0.005573355
1382	99	109	127	117	0.0012683
1383	108	103	127	115	0.00436371
1384	110	107	127	113	0.00361654
1385	112	111	127	128	0.00322184
1386	100	102	98	127	0.161411
1387	102	104	98	127	0.020821450000000002
1388	104	106	98	127	0.00380049
1389	110	112	98	127	0.000598163
1390	102	106	98	125	0.0314319
1391	106	110	98	125	0.00428928
1392	110	97	98	125	0.00151781
1393	97	101	98	125	0.0011398649999999999
1394	105	109	98	125	0.000292312
1395	104	110	98	123	0.0110313
1396	110	99	98	123	0.002413035
1397	99	105	98	123	0.0007312235
1398	106	97	98	121	0.007583100000000001
1399	97	105	98	121	0.001503235
1400	108	101	98	119	0.006416845
1401	110	105	98	117	0.00441741
1402	112	109	98	115	0.00365174
1403	102	104	100	98	0.1574915
1404	104	106	100	98	0.01837175
1405	106	108	100	98	0.0053310549999999995
1406	108	110	100	98	0.0021187849999999998
1407	110	112	100	98	0.00105033
1408	97	99	100	98	0.0003855555
1409	104	108	100	127	0.028895199999999996
1410	108	112	100	127	0.0052962700000000005
1411	112	99	100	127	0.00157475
1412	99	103	100	127	0.001168585
1413	103	107	100	127	0.000506901
1414	106	112	100	125	0.01381435
1415	112	101	100	125	0.002754515
1416	108	99	100	123	0.008697115
1417	99	107	100	123	0.0015366099999999999
1418	110	103	100	121	0.00702524
1419	112	107	100	119	0.0045031
1420	97	111	100	117	0.003612545
1421	104	106	102	100	0.125463
1422	106	108	102	100	0.01904105
1423	108	110	102	100	0.006435639999999999
1424	110	112	102	100	0.002491015
1425	106	110	102	98	0.0326031
1426	110	97	102	98	0.005572595
1427	108	97	102	127	0.01572965
1428	110	101	102	125	0.009802390000000001
1429	101	109	102	125	0.0016430149999999998
1430	112	105	102	123	0.00587601
1431	97	109	102	121	0.0045876
1432	106	108	104	102	0.19950849999999998
1433	108	110	104	102	0.03125585
1434	110	112	104	102	0.01084175
1435	112	97	104	102	0.00428671
1436	99	101	104	102	0.0006330445000000001
1437	108	112	104	100	0.0511517
1438	112	99	104	100	0.007901555000000001
1439	99	103	104	100	0.00196962
1440	110	99	104	98	0.023802999999999998
1441	99	105	104	98	0.00327225
1442	105	111	104	98	0.0009309889999999999
1443	112	103	104	127	0.01303575
1444	97	107	104	125	0.007864375
1445	99	111	104	123	0.005500135
1446	108	110	106	104	0.1554355
1447	110	112	106	104	0.032540599999999996
1448	112	97	106	104	0.00974303
1449	97	99	106	104	0.0038956800000000003
1450	101	103	106	104	0.0009534195
1451	103	105	106	104	0.000672066
1452	110	97	106	102	0.0577887
1453	97	101	106	102	0.008221645
1454	101	105	106	102	0.0024468650000000003
1455	112	101	106	100	0.02491505
1456	101	107	106	100	0.00349163
1457	97	105	106	98	0.01321495
1458	99	109	106	127	0.00787285
1459	110	112	108	106	0.255135
1460	112	97	108	106	0.0450797
1461	97	99	108	106	0.015239550000000001
1462	99	101	108	106	0.005449245
1463	101	103	108	106	0.002418075
1464	103	105	108	106	0.001407325
1465	112	99	108	104	0.07370215
1466	99	103	108	104	0.0104805
1467	103	107	108	104	0.002881115
1468	107	111	108	104	0.001150215
1469	97	103	108	102	0.033641599999999994
1470	103	109	108	102	0.0039986050000000006
1471	99	107	108	100	0.016222050000000002
1472	101	111	108	98	0.009732854999999999
1473	112	97	110	108	0.194324
1474	97	99	110	108	0.04934375
1475	99	101	110	108	0.014954100000000001
1476	101	103	110	108	0.00635295
1477	105	107	110	108	0.00138673
1478	107	109	110	108	0.0008041705000000001
1479	97	101	110	106	0.08563335
1480	101	105	110	106	0.012866699999999998
1481	105	109	110	106	0.00358165
1482	99	105	110	104	0.03621815
1483	105	111	110	104	0.005199745
1484	101	109	110	102	0.019287
1485	97	99	112	110	0.202136
1486	99	101	112	110	0.04479155
1487	101	103	112	110	0.0161373
1488	103	105	112	110	0.0057664199999999995
1489	105	107	112	110	0.00302208
1490	107	109	112	110	0.00179123
1491	109	111	112	110	0.00112384
1492	99	103	112	108	0.08281640000000001
1493	103	107	112	108	0.012965150000000002
1494	107	111	112	108	0.004449945
1495	101	107	112	106	0.03970495
1496	103	111	112	104	0.02109275
1497	99	101	97	112	0.18277500000000002
1498	101	103	97	112	0.046624149999999996
1499	103	105	97	112	0.014560799999999999
1500	105	107	97	112	0.0067932700000000006
1501	107	109	97	112	0.0037020250000000003
1502	109	111	97	112	0.0022299950000000002
1503	101	105	97	110	0.08275145
1504	105	109	97	110	0.0154888
1505	103	109	97	108	0.04051935
1506	101	103	99	97	0.21695550000000002
1507	103	105	99	97	0.048307449999999995
1508	105	107	99	97	0.019998049999999996
1509	107	109	99	97	0.01026885
1510	109	111	99	97	0.0060354499999999995
1511	103	107	99	112	0.08933325
1512	107	111	99	112	0.0223665
1513	105	111	99	110	0.0553269
1514	103	105	101	99	0.22060549999999998
1515	105	107	101	99	0.0611774
1516	107	109	101	99	0.0279236
1517	109	111	101	99	0.015006949999999998
1518	105	109	101	97	0.1190895
1519	105	107	103	101	0.22042650000000003
1520	107	109	103	101	0.073064
1521	109	111	103	101	0.0350602
1522	107	111	103	99	0.1512385
1523	107	109	105	103	0.213697
1524	109	111	105	103	0.0765661
1525	109	111	107	105	0.2219095
